Palabras            			Doc1.txt			Doc2.txt			doc3.txt			
ignorar:            			0.477121			0.000000			0.000000
product:            			0.000000			1.908485			0.000000
becerr:             			0.000000			1.431364			0.000000
siguient:           			0.704365			0.000000			0.352183
sil:                			0.000000			0.000000			0.954243
culp:               			0.000000			0.000000			0.477121
dificil:            			0.000000			0.000000			0.000000
academ:             			0.000000			0.000000			0.000000
ando:               			0.000000			0.954243			0.000000
s:                  			0.000000			0.477121			0.000000
dandol:             			0.000000			0.477121			0.000000
vien:               			1.056548			0.880456			0.000000
entras:             			0.000000			0.954243			0.000000
alev:               			0.000000			0.477121			0.000000
ensen:              			0.000000			1.056548			0.880456
recuper:            			0.176091			0.176091			0.000000
libr:               			0.000000			0.000000			0.000000
tipic:              			0.477121			0.000000			0.000000
resolv:             			0.000000			0.000000			0.000000
mat:                			0.352183			0.176091			0.000000
realiz:             			0.954243			0.000000			0.000000
condicion:          			0.477121			0.000000			0.000000
tempran:            			0.000000			0.477121			0.000000
implic:             			0.704365			0.000000			0.176091
cos:                			0.000000			0.000000			0.000000
electron:           			0.477121			0.000000			0.000000
envi:               			0.000000			0.000000			0.000000
escrit:             			0.000000			0.704365			0.176091
profesor:           			0.000000			0.000000			0.000000
port:               			0.176091			0.000000			0.176091
ques:               			0.477121			0.000000			0.000000
extens:             			0.477121			0.000000			0.000000
loc:                			0.000000			0.477121			0.000000
document:           			0.000000			0.477121			0.000000
comuniqu:           			0.176091			0.000000			0.176091
gust:               			0.528274			2.817460			0.000000
dia:                			0.000000			0.000000			0.000000
sig:                			0.000000			0.000000			0.000000
peorment:           			0.477121			0.000000			0.000000
veng:               			0.352183			0.000000			0.176091
tip:                			0.880456			2.817460			0.000000
quier:              			0.000000			0.000000			0.000000
avis:               			0.477121			0.000000			0.000000
conclusion:         			0.477121			0.000000			0.000000
requier:            			0.000000			0.000000			1.431364
disculp:            			0.000000			0.477121			0.000000
contador:           			0.000000			0.000000			0.477121
del:                			0.000000			0.477121			0.000000
clav:               			0.000000			0.000000			0.000000
coach:              			0.477121			0.000000			0.000000
dedic:              			0.176091			0.352183			0.000000
reprob:             			0.000000			0.000000			0.477121
necesari:           			0.528274			0.176091			0.000000
justici:            			0.000000			1.431364			0.000000
sint:               			0.477121			0.000000			0.000000
inform:             			0.000000			0.000000			0.000000
segu:               			0.352183			0.352183			0.000000
elemental:          			1.431364			0.000000			0.000000
invers:             			0.000000			0.477121			0.000000
sencill:            			0.000000			0.000000			0.000000
interfaz:           			0.000000			0.000000			0.477121
normal:             			1.431364			0.000000			0.000000
quej:               			0.000000			0.000000			0.000000
puntual:            			0.000000			0.352183			0.176091
ensegu:             			0.000000			0.000000			0.477121
malici:             			0.000000			0.477121			0.000000
esper:              			0.176091			0.880456			0.000000
funcional:          			0.000000			0.000000			0.954243
usand:              			0.000000			0.000000			0.000000
fuent:              			0.000000			0.000000			0.477121
piñizc:             			0.000000			0.477121			0.000000
muestr:             			0.000000			0.176091			0.352183
recurs:             			0.352183			0.000000			0.176091
cuidart:            			0.000000			0.477121			0.000000
trat:               			0.000000			0.000000			0.000000
javi:               			0.477121			0.000000			0.000000
industri:           			0.000000			0.000000			0.477121
dropbox:            			0.000000			0.954243			0.000000
analisis:           			1.908485			0.000000			0.000000
noveler:            			0.000000			0.477121			0.000000
mas:                			0.000000			0.000000			0.000000
pendriv:            			0.000000			0.477121			0.000000
cient:              			0.000000			0.477121			0.000000
astut:              			0.000000			0.477121			0.000000
desmitific:         			0.954243			0.000000			0.000000
llev:               			0.000000			0.000000			0.000000
ademas:             			0.000000			0.000000			0.000000
descifr:            			0.000000			0.477121			0.000000
emprend:            			0.000000			3.816970			0.000000
inconscient:        			0.000000			0.000000			0.477121
camin:              			0.000000			2.385606			0.000000
vier:               			0.000000			0.000000			0.477121
entrab:             			0.000000			0.477121			0.000000
posicion:           			0.000000			0.352183			0.176091
pinz:               			0.000000			1.431364			0.000000
bombard:            			0.477121			0.000000			0.000000
observ:             			0.000000			0.000000			0.477121
capitul:            			0.000000			0.000000			0.000000
laz:                			0.000000			0.000000			0.477121
complej:            			0.000000			0.000000			0.000000
tendras:            			0.000000			0.000000			0.477121
oig:                			0.000000			1.908485			0.000000
e:                  			0.176091			0.000000			0.528274
lees:               			0.000000			0.477121			0.000000
apoc:               			0.954243			0.000000			0.000000
podr:               			0.176091			0.000000			0.352183
lanz:               			0.000000			0.477121			0.000000
rap:                			0.176091			0.704365			0.000000
ose:                			0.954243			0.000000			0.000000
pedaz:              			0.000000			0.477121			0.000000
bastant:            			0.477121			0.000000			0.000000
acab:               			0.176091			0.176091			0.000000
vend:               			1.232639			1.232639			0.000000
expir:              			0.000000			0.477121			0.000000
astuci:             			0.000000			0.477121			0.000000
pur:                			0.000000			0.477121			0.000000
entran:             			0.000000			0.477121			0.000000
lej:                			0.000000			0.477121			0.000000
except:             			0.176091			0.000000			0.176091
mor:                			0.000000			0.000000			0.477121
katherin:           			0.000000			0.477121			0.000000
permit:             			0.176091			0.000000			0.176091
cristin:            			0.477121			0.000000			0.000000
recopil:            			3.339849			0.000000			0.000000
are:                			0.000000			0.000000			0.000000
gras:               			0.000000			0.954243			0.000000
interes:            			0.000000			0.000000			0.000000
enoj:               			0.000000			0.477121			0.000000
estres:             			0.000000			0.477121			0.000000
repent:             			0.000000			0.477121			0.000000
amig:               			0.000000			0.352183			0.176091
nud:                			0.477121			0.000000			0.000000
manten:             			0.000000			0.954243			0.000000
cart:               			0.000000			0.000000			0.954243
grab:               			0.000000			0.477121			0.000000
arrepent:           			0.000000			0.477121			0.000000
primer:             			0.000000			0.528274			0.880456
event:              			0.477121			0.000000			0.000000
adecu:              			0.176091			0.000000			0.176091
estadist:           			1.431364			0.000000			0.000000
corre:              			0.000000			0.000000			0.000000
estir:              			0.000000			0.477121			0.000000
conductor:          			0.477121			0.000000			0.000000
caen:               			0.000000			0.477121			0.000000
noch:               			0.000000			0.954243			0.000000
respuest:           			0.000000			0.000000			0.000000
edad:               			0.477121			0.000000			0.000000
ideal:              			0.176091			0.176091			0.000000
hub:                			0.000000			0.000000			0.000000
ogro:               			0.477121			0.000000			0.000000
alli:               			0.000000			0.000000			0.000000
nutricion:          			0.477121			0.000000			0.000000
comienz:            			0.000000			3.816970			0.000000
emple:              			0.000000			0.000000			0.477121
muert:              			0.352183			0.352183			0.000000
l:                  			0.000000			0.477121			0.000000
stev:               			0.000000			0.477121			0.000000
planific:           			0.477121			0.000000			0.000000
lio:                			0.000000			0.954243			0.000000
enter:              			0.176091			0.000000			0.176091
escrib:             			0.352183			0.000000			0.176091
semestr:            			3.169643			0.000000			0.704365
cuestion:           			0.880456			0.000000			0.176091
conjunt:            			0.000000			0.477121			0.000000
requisit:           			0.477121			0.000000			0.000000
centr:              			0.000000			0.000000			0.000000
proyect:            			0.000000			0.000000			0.000000
exclus:             			0.000000			0.477121			0.000000
iba:                			0.000000			0.000000			0.000000
analog:             			0.000000			0.477121			0.000000
prohib:             			0.000000			0.477121			0.000000
atemoriz:           			0.477121			0.000000			0.000000
taos:               			0.000000			0.000000			1.431364
cubiert:            			0.000000			0.000000			0.954243
parec:              			0.000000			0.000000			0.000000
direct:             			0.000000			0.352183			0.176091
modul:              			0.000000			0.477121			0.000000
juni:               			0.000000			0.477121			0.000000
form:               			0.000000			0.000000			0.000000
abc:                			0.477121			0.000000			0.000000
for:                			2.385606			0.000000			0.000000
orgull:             			0.000000			0.000000			0.477121
regim:              			0.477121			0.000000			0.000000
sensibl:            			0.477121			0.000000			0.000000
estudi:             			0.000000			0.000000			0.000000
alumn:              			0.000000			0.954243			0.000000
corrig:             			0.000000			0.000000			0.477121
lamin:              			0.000000			2.385606			0.000000
phd:                			0.954243			0.000000			0.000000
atraves:            			0.477121			0.000000			0.000000
particip:           			0.704365			0.000000			0.352183
ric:                			0.000000			0.477121			0.000000
sugerent:           			0.000000			0.000000			0.954243
cieg:               			0.000000			0.477121			0.000000
posibl:             			0.000000			0.000000			0.000000
proposicion:        			0.000000			1.431364			0.000000
contest:            			0.000000			0.000000			0.000000
convencional:       			0.000000			0.477121			0.000000
aprovech:           			0.000000			0.000000			0.477121
capac:              			0.000000			0.000000			3.339849
extorsion:          			0.000000			0.954243			0.000000
pais:               			0.000000			0.954243			0.000000
bal:                			2.289186			0.352183			0.000000
vi:                 			0.000000			0.000000			0.477121
puest:              			0.000000			0.176091			0.176091
cinc:               			0.000000			0.477121			0.000000
pus:                			0.000000			0.000000			0.000000
gratif:             			0.000000			0.000000			0.477121
supong:             			0.477121			0.000000			0.000000
lectur:             			0.176091			0.176091			0.000000
rescat:             			0.477121			0.000000			0.000000
extra:              			0.000000			0.000000			0.954243
fastidi:            			0.477121			0.000000			0.000000
voz:                			0.000000			0.477121			0.000000
intent:             			0.176091			0.000000			0.176091
anda:               			0.176091			0.176091			0.000000
opin:               			0.954243			0.000000			0.000000
coloc:              			0.000000			0.954243			0.000000
dij:                			0.000000			0.000000			0.000000
aprendizaj:         			0.954243			0.000000			0.000000
deb:                			0.000000			0.000000			0.000000
artimañ:            			0.000000			0.477121			0.000000
alza:               			0.000000			0.477121			0.000000
leen:               			0.000000			0.954243			0.000000
retroaliment:       			5.725455			0.000000			0.000000
terc:               			0.176091			0.176091			0.000000
ibas:               			0.000000			0.000000			0.954243
sean:               			0.176091			0.000000			0.176091
aterriz:            			0.477121			0.000000			0.000000
segun:              			0.000000			0.477121			0.000000
regl:               			0.477121			0.000000			0.000000
inclu:              			0.000000			0.176091			0.704365
dej:                			0.000000			0.000000			0.000000
paralel:            			0.176091			0.000000			0.176091
asist:              			0.000000			0.176091			0.704365
tencion:            			0.477121			0.000000			0.000000
verifiqu:           			0.954243			0.000000			0.000000
voluntari:          			0.000000			0.000000			0.477121
encant:             			0.000000			0.477121			0.000000
vec:                			0.000000			0.000000			0.000000
toc:                			0.000000			0.000000			0.000000
researchjournal:    			0.000000			0.000000			0.477121
reemplaz:           			0.000000			0.000000			0.477121
desmot:             			0.000000			0.000000			0.954243
valios:             			0.000000			0.954243			0.000000
enseñ:              			0.000000			0.477121			0.000000
histori:            			0.000000			0.477121			0.000000
tres:               			0.528274			0.528274			0.000000
invert:             			0.000000			0.000000			0.954243
revision:           			4.294091			0.000000			0.000000
rend:               			0.477121			0.000000			0.000000
sac:                			0.000000			0.000000			0.000000
incumpl:            			0.000000			0.477121			0.000000
despiert:           			0.000000			0.477121			0.000000
pagin:              			0.477121			0.000000			0.000000
todav:              			0.176091			0.000000			0.176091
cubr:               			0.000000			0.000000			0.000000
complet:            			0.000000			0.000000			0.000000
fulanit:            			0.477121			0.000000			0.000000
curios:             			0.000000			0.954243			0.000000
promet:             			0.000000			1.431364			0.000000
pantall:            			0.000000			0.000000			0.477121
proces:             			0.176091			0.352183			0.000000
memoric:            			0.000000			0.000000			0.477121
influ:              			0.477121			0.000000			0.000000
conscient:          			1.431364			0.000000			0.000000
activ:              			1.760913			0.352183			0.000000
hambr:              			0.176091			0.176091			0.000000
flexibil:           			0.000000			0.477121			0.000000
excus:              			0.000000			0.000000			0.477121
evidenci:           			0.477121			0.000000			0.000000
coordin:            			0.176091			0.000000			0.176091
premedit:           			0.000000			0.477121			0.000000
contradictori:      			0.000000			0.477121			0.000000
divid:              			0.000000			0.477121			0.000000
b=a:                			0.000000			0.000000			0.477121
constant:           			0.000000			0.176091			0.352183
extranjer:          			0.477121			0.000000			0.000000
aromaterapi:        			0.000000			0.477121			0.000000
resumam:            			0.477121			0.000000			0.000000
multiplic:          			0.000000			0.477121			0.000000
har:                			0.000000			0.176091			0.176091
justific:           			0.704365			0.176091			0.000000
respetu:            			0.000000			0.477121			0.000000
suger:              			0.176091			0.000000			0.176091
exact:              			0.000000			0.477121			0.000000
sep:                			0.477121			0.000000			0.000000
chiquit:            			0.176091			0.176091			0.000000
lean:               			0.000000			0.000000			0.477121
envergadur:         			0.000000			0.000000			0.477121
orden:              			0.000000			0.000000			0.000000
cost:               			0.000000			1.431364			0.000000
espaci:             			0.528274			0.000000			0.176091
pie:                			0.954243			0.000000			0.000000
oro:                			0.000000			0.477121			0.000000
obvi:               			0.000000			0.954243			0.000000
money:              			0.000000			0.477121			0.000000
alcanz:             			0.000000			0.954243			0.000000
herramient:         			0.000000			0.000000			0.000000
tem:                			0.000000			0.000000			0.000000
eram:               			0.000000			0.477121			0.000000
paradigm:           			0.000000			0.000000			3.339849
arroz:              			0.000000			0.477121			0.000000
preci:              			0.000000			0.477121			0.000000
relacion:           			0.000000			0.000000			0.000000
ocult:              			0.000000			0.477121			0.000000
conclu:             			0.176091			0.176091			0.000000
abuelit:            			0.000000			0.954243			0.000000
cambi:              			0.000000			0.000000			0.000000
consult:            			0.000000			0.176091			0.528274
carl:               			0.528274			0.176091			0.000000
duerm:              			0.176091			0.176091			0.000000
rang:               			0.000000			0.000000			0.477121
preocup:            			0.176091			0.176091			0.000000
disqu:              			0.477121			0.000000			0.000000
ven:                			0.000000			0.000000			0.000000
puls:               			0.000000			0.000000			0.477121
relaj:              			0.000000			0.477121			0.000000
asad:               			0.477121			0.000000			0.000000
simplement:         			0.000000			0.000000			0.000000
millon:             			0.000000			0.477121			0.000000
solid:              			0.000000			0.000000			0.477121
reform:             			0.954243			0.000000			0.000000
catherin:           			0.000000			0.477121			0.000000
suced:              			0.000000			0.176091			0.176091
conscienci:         			0.954243			0.000000			0.000000
prorrog:            			0.000000			0.477121			0.000000
prefier:            			0.176091			0.176091			0.000000
quit:               			0.176091			0.176091			0.000000
famos:              			0.477121			0.000000			0.000000
empres:             			0.000000			0.704365			0.176091
hic:                			0.000000			0.000000			0.000000
abro:               			0.477121			0.000000			0.000000
procur:             			0.000000			0.000000			2.862728
mi:                 			0.000000			0.000000			0.000000
dud:                			0.000000			0.000000			0.000000
echan:              			0.000000			0.000000			0.477121
anim:               			0.000000			0.954243			0.000000
geriatr:            			0.000000			0.477121			0.000000
fech:               			1.056548			0.176091			0.000000
poquit:             			0.477121			0.000000			0.000000
discusion:          			1.431364			0.000000			0.000000
segment:            			0.000000			0.954243			0.000000
ten:                			0.000000			0.000000			0.000000
creativ:            			0.000000			0.954243			0.000000
asign:              			0.000000			0.000000			2.862728
nervios:            			0.000000			0.954243			0.000000
tu:                 			0.000000			0.000000			0.000000
entrar:             			0.000000			3.339849			0.000000
sigu:               			0.000000			0.000000			0.477121
tesis:              			0.000000			2.465278			0.528274
social:             			0.000000			0.880456			0.352183
traj:               			0.000000			0.954243			0.000000
map:                			0.000000			0.176091			0.176091
dl:                 			0.000000			0.477121			0.000000
dinam:              			0.000000			7.633940			0.000000
desesper:           			0.000000			0.477121			0.000000
ok:                 			0.000000			1.431364			0.000000
agrad:              			0.176091			0.176091			0.000000
vei:                			0.000000			0.528274			0.880456
celular:            			0.000000			0.477121			0.000000
veloc:              			0.000000			0.000000			0.477121
chic:               			0.000000			0.000000			0.000000
lleg:               			0.000000			0.000000			0.000000
chir:               			0.000000			0.477121			0.000000
whatsapp:           			0.000000			1.431364			0.000000
profund:            			0.000000			0.954243			0.000000
local:              			0.176091			0.176091			0.000000
cuerd:              			0.000000			0.477121			0.000000
molest:             			0.176091			0.880456			0.000000
utilic:             			0.000000			0.477121			0.000000
asoci:              			0.000000			0.000000			0.954243
orient:             			1.056548			0.000000			1.056548
almuerz:            			0.477121			0.000000			0.000000
habran:             			0.477121			0.000000			0.000000
pit:                			0.000000			0.954243			0.000000
expositor:          			0.000000			0.000000			0.477121
digal:              			0.000000			0.954243			0.000000
ser:                			0.000000			0.000000			0.000000
clic:               			0.000000			0.000000			0.954243
ocho:               			0.000000			0.477121			0.000000
si:                 			0.000000			0.000000			0.000000
hem:                			1.908485			0.000000			0.000000
tra:                			0.000000			0.000000			0.000000
pirquen:            			0.477121			0.000000			0.000000
variabl:            			0.528274			0.000000			0.528274
sinton:             			0.000000			0.477121			0.000000
delant:             			0.176091			0.528274			0.000000
reunion:            			0.176091			0.176091			0.000000
repas:              			0.000000			0.000000			0.477121
cuadr:              			0.000000			2.862728			0.000000
=:                  			0.000000			0.000000			0.477121
logic:              			0.000000			0.176091			0.176091
vendedor:           			0.000000			4.771213			0.000000
durant:             			0.000000			0.000000			0.000000
necesit:            			0.000000			0.000000			0.000000
pel:                			0.000000			0.954243			0.000000
bec:                			0.000000			0.477121			0.000000
doctor:             			0.477121			0.000000			0.000000
natural:            			0.000000			0.954243			0.000000
contact:            			0.477121			0.000000			0.000000
cuatr:              			0.477121			0.000000			0.000000
prep:               			0.000000			0.477121			0.000000
equivoc:            			0.000000			1.431364			0.000000
traig:              			0.477121			0.000000			0.000000
verif:              			0.477121			0.000000			0.000000
debat:              			0.477121			0.000000			0.000000
enfoc:              			0.000000			0.000000			2.862728
ring:               			0.954243			0.000000			0.000000
escuelit:           			0.000000			0.954243			0.000000
hed:                			0.000000			0.000000			0.477121
tec:                			0.000000			0.477121			0.000000
jug:                			0.000000			0.000000			0.477121
trist:              			0.000000			0.000000			0.477121
superior:           			0.000000			0.477121			0.000000
mayor:              			0.528274			0.000000			1.056548
vem:                			0.000000			0.176091			0.176091
air:                			0.352183			0.704365			0.000000
llam:               			0.000000			0.000000			0.000000
taxi:               			0.000000			0.477121			0.000000
mini:               			1.431364			0.000000			0.000000
di:                 			0.000000			0.000000			0.000000
exig:               			1.431364			0.000000			0.000000
visibl:             			0.000000			0.000000			0.477121
confund:            			1.431364			0.000000			0.000000
incorpor:           			0.477121			0.000000			0.000000
econom:             			0.176091			0.352183			0.000000
aprendiz:           			0.000000			0.477121			0.000000
viend:              			0.000000			0.000000			2.385606
hernandez:          			0.954243			0.000000			0.000000
materi:             			0.000000			0.000000			0.000000
borrador:           			0.176091			0.176091			0.000000
rubric:             			0.000000			1.908485			0.000000
años:               			0.704365			0.528274			0.000000
instructor:         			0.000000			0.477121			0.000000
cas:                			0.000000			0.000000			0.000000
quint:              			0.477121			0.000000			0.000000
retom:              			0.477121			0.000000			0.000000
agarrarset:         			0.000000			0.477121			0.000000
pid:                			0.000000			0.000000			0.000000
actu:               			0.000000			0.477121			0.000000
importantisim:      			0.477121			0.000000			0.000000
bloqu:              			0.000000			0.000000			1.431364
acuerd:             			0.000000			0.000000			0.000000
srta:               			0.000000			0.477121			0.000000
correg:             			0.000000			0.000000			0.477121
cuchill:            			0.000000			0.477121			0.000000
jef:                			0.000000			0.477121			0.000000
haciend:            			0.954243			0.000000			0.000000
z:                  			0.477121			0.000000			0.000000
ejempl:             			0.000000			0.000000			0.000000
solucion:           			0.000000			0.000000			3.816970
titul:              			0.352183			0.880456			0.000000
transmit:           			0.000000			0.477121			0.000000
just:               			0.000000			0.000000			0.000000
estil:              			0.477121			0.000000			0.000000
manej:              			0.000000			2.862728			0.000000
prepar:             			0.000000			0.000000			0.000000
moment:             			0.000000			0.000000			0.000000
drag:               			0.000000			0.000000			0.954243
fuert:              			0.000000			0.000000			0.000000
promedi:            			0.000000			0.000000			0.477121
papel:              			0.000000			0.000000			0.000000
recib:              			0.000000			0.000000			0.000000
messeng:            			0.000000			0.954243			0.000000
segur:              			0.528274			0.880456			0.000000
veo:                			0.000000			1.908485			0.000000
tercer:             			0.000000			0.000000			0.000000
nuev:               			0.000000			0.000000			0.000000
tare:               			0.880456			0.000000			0.352183
realment:           			2.862728			0.000000			0.000000
desventaj:          			0.477121			0.000000			0.000000
razon:              			0.000000			0.000000			0.000000
coraj:              			0.000000			0.954243			0.000000
dig:                			0.000000			0.000000			0.000000
experient:          			0.176091			0.528274			0.000000
senescyt:           			0.477121			0.000000			0.000000
diaposit:           			0.000000			0.528274			0.176091
correct:            			0.000000			0.176091			0.176091
not:                			0.000000			1.408730			0.352183
bla:                			0.000000			0.477121			0.000000
actualiz:           			0.000000			0.477121			0.000000
colabor:            			0.000000			0.176091			0.176091
amabl:              			0.000000			0.477121			0.000000
exij:               			0.954243			0.000000			0.000000
veam:               			0.477121			0.000000			0.000000
grup:               			0.000000			0.000000			0.000000
confianz:           			0.000000			0.000000			0.000000
red:                			0.000000			1.908485			0.000000
idas:               			0.000000			0.477121			0.000000
buen:               			0.000000			0.000000			0.000000
softwar:            			0.000000			0.176091			0.528274
efect:              			0.352183			0.000000			0.352183
engañ:              			0.000000			0.477121			0.000000
ver:                			0.000000			0.000000			0.000000
gan:                			0.954243			0.000000			0.000000
medic:              			0.000000			1.431364			0.000000
sesion:             			0.000000			0.000000			0.477121
concesion:          			0.000000			0.477121			0.000000
convers:            			0.000000			0.176091			0.176091
er:                 			0.000000			0.477121			0.000000
estas:              			0.000000			0.352183			0.176091
irme:               			0.477121			0.000000			0.000000
concept:            			0.000000			2.113095			3.521825
felic:              			0.000000			0.477121			0.000000
encantadisim:       			0.000000			0.477121			0.000000
poet:               			0.000000			0.477121			0.000000
sociolog:           			0.477121			0.000000			0.000000
consist:            			0.000000			0.000000			0.477121
diseñ:              			0.000000			0.000000			0.000000
sustent:            			0.000000			0.477121			0.000000
clasif:             			0.000000			0.000000			0.477121
ama:                			0.000000			1.431364			0.000000
configur:           			0.000000			1.431364			0.000000
clarit:             			0.477121			0.000000			0.000000
socied:             			0.000000			0.477121			0.000000
horari:             			0.176091			0.000000			0.352183
vide:               			0.000000			0.880456			0.352183
tendran:            			1.431364			0.000000			0.000000
acumul:             			0.000000			0.000000			0.477121
maestr:             			1.584821			0.000000			0.176091
traduc:             			0.000000			0.477121			0.000000
recien:             			0.954243			0.000000			0.000000
fich:               			0.000000			2.862728			0.000000
comentel:           			0.477121			0.000000			0.000000
especi:             			0.477121			0.000000			0.000000
dich:               			0.000000			0.000000			0.000000
atencion:           			0.000000			0.000000			1.908485
acced:              			0.000000			0.954243			0.000000
dirig:              			0.000000			2.862728			0.000000
dal:                			1.431364			0.000000			0.000000
pil:                			0.000000			0.477121			0.000000
pued:               			0.000000			0.000000			0.000000
confusion:          			0.000000			0.477121			0.000000
equip:              			1.056548			0.528274			0.000000
piens:              			0.000000			0.000000			0.000000
inmediat:           			0.477121			0.000000			0.000000
viern:              			0.000000			1.431364			0.000000
plus:               			0.000000			0.477121			0.000000
sosten:             			0.477121			0.000000			0.000000
cuartil:            			0.000000			1.431364			0.000000
ancho:              			0.000000			0.000000			0.954243
hall:               			0.000000			0.954243			0.000000
erudit:             			0.000000			0.954243			0.000000
c++:                			0.000000			1.431364			0.000000
espos:              			0.000000			2.385606			0.000000
joc:                			0.000000			0.477121			0.000000
continu:            			0.477121			0.000000			0.000000
met:                			0.000000			1.908485			0.000000
foment:             			0.352183			0.176091			0.000000
prob:               			0.000000			0.477121			0.000000
ve:                 			0.000000			0.880456			0.176091
posterior:          			0.954243			0.000000			0.000000
espontane:          			0.000000			0.954243			0.000000
expon:              			0.477121			0.000000			0.000000
lenguaj:            			0.000000			0.000000			0.477121
comet:              			0.000000			0.176091			0.528274
comput:             			0.000000			0.000000			0.000000
encuentr:           			0.000000			0.000000			0.000000
flexibl:            			0.477121			0.000000			0.000000
lug:                			0.176091			0.176091			0.000000
pequeñ:             			1.408730			0.000000			1.056548
leer:               			2.113095			0.352183			0.000000
darm:               			0.176091			0.000000			0.176091
solicit:            			0.954243			0.000000			0.000000
propi:              			0.000000			0.000000			0.000000
junt:               			0.000000			0.000000			0.477121
par:                			0.000000			0.000000			0.477121
evalu:              			0.000000			0.000000			0.000000
pobr:               			0.477121			0.000000			0.000000
lin:                			0.000000			0.000000			0.477121
disposicion:        			0.477121			0.000000			0.000000
hay:                			0.000000			0.000000			0.000000
ahor:               			0.000000			0.000000			0.000000
sintetiz:           			0.477121			0.000000			0.000000
band:               			0.000000			0.000000			0.954243
marz:               			0.000000			0.477121			0.000000
minut:              			0.000000			0.000000			0.000000
discut:             			0.000000			0.000000			0.000000
compañer:           			1.232639			0.000000			0.176091
regres:             			0.477121			0.000000			0.000000
cam:                			0.000000			3.339849			0.000000
modific:            			0.000000			0.477121			0.000000
desmitif:           			0.477121			0.000000			0.000000
laud:               			0.000000			0.477121			0.000000
automatic:          			0.000000			0.477121			0.000000
apen:               			0.477121			0.000000			0.000000
tonic:              			0.000000			0.477121			0.000000
imagen:             			0.000000			0.000000			0.477121
naturalez:          			0.176091			0.000000			0.176091
practic:            			0.704365			0.000000			2.465278
especif:            			0.000000			0.352183			0.704365
expresion:          			0.000000			0.176091			0.176091
percepcion:         			0.000000			0.477121			0.000000
reflexion:          			0.000000			0.000000			0.000000
enfrent:            			2.385606			0.000000			0.000000
situacion:          			0.000000			0.000000			0.000000
com:                			0.000000			0.000000			0.000000
formul:             			0.000000			0.528274			0.352183
ahorit:             			0.352183			0.176091			0.000000
denl:               			0.000000			0.477121			0.000000
andar:              			0.000000			0.477121			0.000000
codig:              			0.000000			0.000000			2.862728
salud:              			0.000000			0.477121			0.000000
anos:               			0.000000			0.477121			0.000000
rar:                			0.000000			0.954243			0.000000
alcen:              			0.000000			0.477121			0.000000
hag:                			0.000000			0.000000			0.000000
cumpl:              			0.000000			0.000000			0.000000
gran:               			0.528274			0.000000			0.176091
aca:                			1.056548			0.176091			0.000000
uso:                			0.000000			0.477121			0.000000
telefon:            			0.000000			0.954243			0.000000
error:              			0.000000			0.176091			2.817460
real:               			0.000000			0.477121			0.000000
diner:              			0.000000			0.528274			0.176091
segund:             			0.000000			0.000000			0.000000
utiliz:             			0.000000			0.000000			0.000000
interfac:           			0.000000			0.000000			1.431364
dreamworks:         			0.000000			0.352183			0.352183
taller:             			0.000000			0.352183			0.352183
señ:                			0.477121			0.000000			0.000000
penal:              			0.000000			0.954243			0.000000
usen:               			0.000000			0.477121			0.000000
comprension:        			0.000000			0.477121			0.000000
protocol:           			0.000000			0.000000			0.477121
plante:             			0.477121			0.000000			0.000000
record:             			0.000000			0.000000			0.000000
abus:               			0.000000			2.385606			0.000000
espectacular:       			0.477121			0.000000			0.000000
promov:             			0.477121			0.000000			0.000000
intern:             			0.477121			0.000000			0.000000
adicional:          			0.352183			0.000000			0.352183
estrict:            			0.176091			0.000000			0.176091
requer:             			0.000000			0.000000			0.954243
hiel:               			0.000000			0.477121			0.000000
modif:              			0.000000			0.176091			0.176091
vuelv:              			0.954243			0.000000			0.000000
peligr:             			0.000000			0.477121			0.000000
valent:             			0.000000			0.477121			0.000000
teni:               			0.000000			0.176091			0.352183
ejecut:             			0.000000			0.000000			1.431364
vay:                			0.477121			0.000000			0.000000
sirv:               			1.056548			1.760913			0.000000
sal:                			0.528274			1.232639			0.000000
politecn:           			0.176091			0.880456			0.000000
matricul:           			0.000000			0.477121			0.000000
ultim:              			0.000000			0.477121			0.000000
sup:                			1.056548			0.352183			0.000000
ningun:             			0.000000			0.000000			0.000000
pong:               			0.000000			0.000000			0.000000
viejit:             			0.000000			0.477121			0.000000
busqu:              			0.176091			0.352183			0.000000
incurr:             			0.000000			0.000000			0.477121
d:                  			0.954243			0.000000			0.000000
mal:                			0.000000			0.000000			0.000000
hipotesis:          			1.431364			0.000000			0.000000
internacional:      			0.477121			0.000000			0.000000
mio:                			0.000000			0.477121			0.000000
curi:               			0.000000			1.908485			0.000000
curs:               			0.000000			0.000000			0.000000
q:                  			0.000000			1.431364			0.000000
influenci:          			0.477121			0.000000			0.000000
clasic:             			0.000000			0.477121			0.000000
ocasion:            			0.000000			0.000000			0.000000
grafic:             			0.000000			0.352183			0.176091
convoc:             			0.477121			0.000000			0.000000
carn:               			0.477121			0.000000			0.000000
jocos:              			0.000000			0.477121			0.000000
dem:                			0.000000			0.477121			0.000000
dificult:           			0.176091			0.000000			0.352183
autoriz:            			0.000000			0.477121			0.000000
literatur:          			3.816970			0.000000			0.000000
aleman:             			0.000000			0.477121			0.000000
cre:                			0.000000			0.000000			0.000000
alto:               			0.000000			0.000000			0.954243
especial:           			0.000000			0.176091			0.352183
a=b:                			0.000000			0.000000			0.477121
mund:               			0.000000			1.760913			0.352183
oportun:            			0.704365			0.000000			0.176091
mecan:              			0.000000			0.954243			0.000000
rog:                			0.000000			0.477121			0.000000
aplic:              			0.000000			0.000000			0.000000
ecuador:            			0.176091			0.352183			0.000000
desapercib:         			0.000000			0.000000			0.477121
dar:                			0.000000			0.000000			0.000000
equilibri:          			0.000000			0.477121			0.000000
suficient:          			0.000000			0.000000			0.477121
particular:         			0.477121			0.000000			0.000000
vent:               			0.176091			1.760913			0.000000
nombr:              			0.000000			0.000000			2.385606
cach:               			0.000000			0.000000			0.954243
actual:             			0.176091			0.352183			0.000000
maquin:             			0.000000			0.477121			0.000000
divert:             			0.000000			0.477121			0.000000
dan:                			0.176091			0.176091			0.000000
da:                 			0.000000			0.000000			0.000000
impact:             			0.000000			0.477121			0.000000
colchon:            			0.000000			0.477121			0.000000
den:                			0.000000			0.000000			0.000000
romp:               			0.000000			0.176091			0.176091
vers:               			0.477121			0.000000			0.000000
madr:               			0.000000			0.477121			0.000000
material:           			0.000000			0.000000			0.000000
extrañ:             			0.176091			0.000000			0.352183
brut:               			0.000000			0.000000			0.477121
tut:                			0.954243			0.000000			0.000000
costumbr:           			0.000000			0.477121			0.000000
creem:              			0.000000			0.954243			0.000000
ojos:               			0.000000			0.477121			0.000000
maxim:              			0.477121			0.000000			0.000000
mit:                			0.954243			0.000000			0.000000
consig:             			0.000000			0.477121			0.000000
extras:             			0.000000			0.000000			0.477121
opinion:            			0.176091			0.704365			0.000000
tiend:              			0.000000			0.000000			0.477121
sab:                			0.000000			0.000000			0.000000
distint:            			0.000000			0.000000			0.477121
respond:            			0.000000			0.000000			0.000000
inici:              			0.000000			0.000000			0.000000
revisor:            			0.000000			0.477121			0.000000
tirabuzon:          			0.477121			0.000000			0.000000
cantidad:           			0.000000			0.000000			0.477121
feedback:           			0.000000			0.000000			0.954243
viej:               			0.000000			1.431364			0.000000
demor:              			0.477121			0.000000			0.000000
expect:             			0.176091			0.176091			0.000000
punt:               			0.000000			0.000000			0.000000
frec:               			0.000000			0.954243			0.000000
resum:              			2.862728			0.000000			0.000000
dragon:             			1.431364			0.000000			0.000000
medi:               			0.000000			0.000000			0.000000
sentimient:         			0.000000			0.954243			0.000000
enmarc:             			0.000000			0.000000			0.477121
increibl:           			0.000000			0.954243			0.000000
hoy:                			0.528274			0.176091			0.000000
particul:           			0.352183			0.000000			0.176091
xx:                 			0.477121			0.000000			0.000000
entreg:             			0.000000			0.000000			0.000000
poses:              			0.000000			0.477121			0.000000
tar:                			1.056548			0.176091			0.000000
estatal:            			0.000000			0.954243			0.000000
pic:                			0.000000			0.000000			0.477121
escen:              			0.000000			0.477121			0.000000
posesion:           			0.000000			0.477121			0.000000
pregr:              			0.000000			0.000000			0.477121
posibil:            			0.000000			0.000000			0.477121
busqued:            			0.477121			0.000000			0.000000
dificultad:         			0.477121			0.000000			0.000000
cronogram:          			0.954243			0.000000			0.000000
depend:             			0.000000			0.352183			0.176091
periquit:           			0.477121			0.000000			0.000000
deten:              			0.477121			0.000000			0.000000
contrat:            			0.000000			0.477121			0.000000
apunt:              			0.000000			0.477121			0.000000
escond:             			0.000000			0.477121			0.000000
bronx:              			0.000000			0.477121			0.000000
admir:              			0.000000			1.431364			0.000000
entorn:             			0.000000			0.477121			0.000000
dañ:                			0.477121			0.000000			0.000000
tom:                			0.000000			0.000000			0.000000
financier:          			0.000000			0.477121			0.000000
olor:               			0.000000			0.477121			0.000000
justifiquel:        			0.477121			0.000000			0.000000
general:            			0.000000			0.000000			0.000000
diganm:             			0.000000			0.477121			0.000000
arte:               			0.000000			0.477121			0.000000
trivial:            			0.176091			0.000000			0.176091
aspir:              			0.000000			2.385606			0.000000
twitt:              			0.477121			0.000000			0.000000
instruccion:        			0.000000			0.000000			0.954243
abad:               			0.477121			0.000000			0.000000
escuch:             			0.000000			1.232639			0.352183
conferent:          			0.000000			0.000000			0.000000
atonit:             			0.000000			0.477121			0.000000
leyer:              			0.000000			0.000000			0.477121
especul:            			0.000000			0.477121			0.000000
europ:              			0.954243			0.000000			0.000000
hig:                			0.000000			0.954243			0.000000
text:               			1.908485			0.000000			0.000000
nadi:               			0.352183			1.408730			0.000000
cerc:               			0.477121			0.000000			0.000000
ingeni:             			0.176091			0.176091			0.000000
instrument:         			2.862728			0.000000			0.000000
mand:               			0.528274			0.528274			0.000000
aparec:             			0.000000			0.000000			0.477121
dir:                			0.176091			0.176091			0.000000
cierr:              			0.528274			0.176091			0.000000
incluyer:           			0.000000			0.000000			0.477121
sient:              			0.000000			0.000000			0.000000
prim:               			0.000000			0.000000			0.000000
total:              			0.176091			0.176091			0.000000
component:          			0.000000			0.000000			0.000000
caiced:             			0.000000			0.477121			0.000000
imprim:             			0.000000			0.477121			0.000000
encerr:             			0.000000			0.477121			0.000000
invit:              			0.000000			0.176091			0.704365
teor:               			0.954243			0.000000			0.000000
dejem:              			0.000000			0.477121			0.000000
line:               			0.477121			0.000000			0.000000
fotograf:           			0.000000			0.954243			0.000000
miedos:             			0.477121			0.000000			0.000000
asunt:              			0.477121			0.000000			0.000000
pelagat:            			0.477121			0.000000			0.000000
schedul:            			0.000000			0.477121			0.000000
estructur:          			0.000000			0.000000			0.000000
skype:              			0.000000			0.954243			0.000000
entiend:            			0.000000			0.000000			0.000000
desv:               			0.000000			0.954243			0.000000
escenari:           			0.000000			0.176091			0.704365
ayud:               			0.000000			0.000000			0.000000
lun:                			0.176091			0.176091			0.000000
ocurr:              			0.000000			0.477121			0.000000
alerg:              			0.000000			0.477121			0.000000
c:                  			0.000000			0.477121			0.000000
drak:               			0.000000			0.477121			0.000000
pele:               			0.000000			0.477121			0.000000
implement:          			0.477121			0.000000			0.000000
hol:                			0.000000			0.477121			0.000000
verd:               			0.000000			0.000000			0.477121
limit:              			0.000000			0.176091			0.352183
sorpres:            			0.000000			0.477121			0.000000
compromis:          			0.176091			0.352183			0.000000
paper:              			0.176091			0.352183			0.000000
atac:               			0.477121			0.000000			0.000000
germ:               			0.000000			0.477121			0.000000
muchach:            			1.408730			0.528274			0.000000
vid:                			0.000000			0.954243			0.000000
convenc:            			0.000000			0.477121			0.000000
algebr:             			0.000000			0.000000			0.954243
defin:              			0.000000			0.477121			0.000000
despues:            			0.000000			0.000000			0.000000
honest:             			0.477121			0.000000			0.000000
apal:               			0.000000			0.477121			0.000000
electr:             			0.000000			0.954243			0.000000
brillant:           			0.176091			0.000000			0.176091
analizal:           			0.477121			0.000000			0.000000
añad:               			0.000000			0.176091			0.352183
habl:               			0.000000			0.000000			0.000000
deambul:            			0.000000			0.477121			0.000000
repercusion:        			0.000000			0.000000			0.477121
usarl:              			0.176091			0.352183			0.000000
aprend:             			0.000000			0.000000			0.000000
pelicul:            			0.000000			0.000000			0.000000
algun:              			0.000000			0.000000			0.000000
dec:                			0.000000			0.000000			0.000000
dart:               			0.000000			0.477121			0.000000
sed:                			0.954243			0.000000			0.000000
laboratori:         			0.000000			0.000000			1.431364
quiebr:             			0.954243			0.000000			0.000000
visual:             			0.176091			0.000000			0.176091
plat:               			0.352183			0.528274			0.000000
sol:                			0.000000			0.176091			0.352183
analiz:             			0.000000			0.000000			0.477121
nac:                			0.000000			0.000000			0.477121
gent:               			0.704365			6.691468			0.000000
coment:             			0.176091			0.000000			0.176091
dur:                			0.000000			0.477121			0.000000
rest:               			0.352183			0.528274			0.000000
proactiv:           			0.000000			0.000000			0.477121
mezcl:              			0.000000			0.477121			0.000000
iñaki:              			0.000000			0.477121			0.000000
suscrit:            			0.000000			0.477121			0.000000
rat:                			0.352183			0.176091			0.000000
trabaj:             			0.352183			0.352183			0.000000
bas:                			0.000000			0.000000			0.000000
tien:               			0.000000			0.000000			0.000000
encontr:            			0.000000			0.000000			0.000000
les:                			0.000000			0.000000			0.000000
flu:                			0.176091			0.176091			0.000000
chat:               			0.000000			0.477121			0.000000
supl:               			0.477121			0.000000			0.000000
frecuent:           			0.176091			0.000000			0.176091
meg:                			0.176091			0.176091			0.000000
car:                			0.352183			0.880456			0.000000
bot:                			0.000000			0.477121			0.000000
oper:               			0.000000			0.000000			1.908485
algui:              			0.000000			0.000000			0.000000
principi:           			0.000000			0.477121			0.000000
siti:               			0.477121			0.000000			0.000000
esta:               			0.000000			0.000000			0.000000
public:             			2.385606			0.000000			0.000000
hospital:           			0.000000			0.477121			0.000000
credibil:           			0.000000			0.477121			0.000000
peeling:            			0.000000			0.477121			0.000000
prueb:              			0.176091			0.176091			0.000000
viv:                			0.000000			0.176091			0.176091
correl:             			0.477121			0.000000			0.000000
bar:                			0.176091			0.176091			0.000000
impelent:           			0.000000			0.477121			0.000000
calcul:             			0.000000			0.954243			0.000000
hij:                			0.176091			1.232639			0.000000
anot:               			0.176091			0.000000			0.176091
benefici:           			0.477121			0.000000			0.000000
bast:               			0.000000			0.000000			0.477121
parqueader:         			0.000000			0.477121			0.000000
uy:                 			0.477121			0.000000			0.000000
cort:               			0.954243			0.000000			0.000000
filosof:            			0.000000			0.477121			0.000000
dijeron:            			0.000000			0.000000			0.477121
compañ:             			0.000000			0.000000			0.954243
fall:               			0.000000			0.000000			1.431364
son:                			0.000000			0.000000			0.000000
previ:              			0.954243			0.000000			0.000000
desenvolv:          			0.000000			0.477121			0.000000
individual:         			0.176091			0.352183			0.000000
salg:               			0.176091			0.704365			0.000000
pudr:               			0.477121			0.000000			0.000000
menor:              			0.000000			0.000000			0.477121
diferent:           			0.000000			0.000000			0.000000
introduc:           			0.176091			0.000000			0.880456
comill:             			0.477121			0.000000			0.000000
lad:                			0.000000			0.000000			0.000000
desempeñ:           			0.000000			0.000000			0.954243
pas:                			0.000000			0.000000			0.000000
cer:                			0.000000			0.000000			0.477121
evident:            			1.431364			0.000000			0.000000
comenc:             			0.000000			1.431364			0.000000
comprador:          			0.000000			5.725455			0.000000
unic:               			0.000000			0.000000			0.000000
alla:               			0.176091			0.880456			0.000000
aplaus:             			0.000000			0.477121			0.000000
difund:             			0.000000			0.477121			0.000000
insit:              			0.000000			0.477121			0.000000
sob:                			0.000000			0.000000			0.477121
juzg:               			0.000000			1.431364			0.000000
quer:               			0.000000			0.000000			0.000000
larg:               			0.000000			0.000000			0.477121
ambient:            			0.477121			0.000000			0.000000
esquematiz:         			0.000000			0.477121			0.000000
interrump:          			0.000000			0.477121			0.000000
tambien:            			0.000000			0.000000			0.000000
produc:             			0.477121			0.000000			0.000000
acept:              			0.000000			1.431364			0.000000
ves:                			0.000000			0.176091			0.352183
monton:             			0.000000			0.477121			0.000000
cuid:               			0.000000			1.431364			0.000000
entrad:             			0.000000			0.477121			0.000000
control:            			0.000000			0.000000			0.000000
clar:               			0.000000			0.000000			0.000000
decid:              			0.000000			0.477121			0.000000
vas:                			0.352183			1.937004			0.000000
persever:           			0.000000			0.176091			0.176091
cit:                			2.385606			0.000000			0.000000
condicional:        			0.000000			0.000000			0.477121
blanc:              			0.000000			0.477121			0.000000
carrer:             			0.000000			0.000000			0.000000
clas:               			0.000000			0.000000			0.000000
fundament:          			0.000000			0.000000			0.954243
chup:               			0.477121			0.000000			0.000000
exam:               			0.352183			1.056548			0.000000
ingen:              			0.000000			0.477121			0.000000
complic:            			0.000000			0.000000			0.000000
anterior:           			0.176091			0.000000			0.880456
util:               			0.176091			0.000000			0.704365
guid:               			0.000000			0.477121			0.000000
rueg:               			0.000000			0.477121			0.000000
aul:                			3.339849			0.000000			0.000000
sierr:              			0.000000			1.431364			0.000000
principal:          			0.000000			0.000000			0.477121
respald:            			0.000000			0.477121			0.000000
se:                 			0.000000			0.000000			0.000000
vez:                			0.000000			0.000000			0.000000
pens:               			0.000000			0.000000			0.000000
calif:              			0.000000			0.528274			0.176091
gener:              			1.056548			0.176091			0.000000
formal:             			0.000000			0.000000			0.477121
leon:               			0.000000			1.431364			0.000000
avanz:              			0.176091			0.000000			0.176091
sony:               			0.000000			1.431364			0.000000
persegu:            			0.477121			0.000000			0.000000
caball:             			0.000000			0.477121			0.000000
cobr:               			0.000000			0.528274			0.176091
caf:                			0.477121			0.000000			0.000000
aclar:              			0.176091			0.352183			0.000000
peor:               			0.000000			1.431364			0.000000
leas:               			0.477121			0.000000			0.000000
objet:              			0.000000			0.000000			0.000000
has:                			0.000000			0.000000			0.477121
etap:               			0.000000			0.954243			0.000000
labor:              			0.000000			0.477121			0.000000
and:                			0.000000			0.000000			0.954243
rabin:              			0.000000			0.477121			0.000000
recomiend:          			0.477121			0.000000			0.000000
adred:              			0.000000			0.477121			0.000000
comprend:           			0.000000			0.477121			0.000000
oye:                			0.000000			0.954243			0.000000
tristez:            			0.477121			0.000000			0.000000
tabler:             			0.000000			0.000000			0.954243
especific:          			0.000000			0.000000			0.477121
perfect:            			0.000000			0.954243			0.000000
molesti:            			0.000000			0.477121			0.000000
inicial:            			0.176091			0.000000			0.352183
incurs:             			0.477121			0.000000			0.000000
cultiv:             			0.000000			0.477121			0.000000
aport:              			0.176091			0.528274			0.000000
mont:               			0.000000			0.000000			0.477121
suel:               			0.528274			0.000000			0.176091
mercade:            			0.000000			1.431364			0.000000
serv:               			0.528274			0.880456			0.000000
vincul:             			1.232639			0.704365			0.000000
español:            			0.352183			0.176091			0.000000
anecdot:            			0.176091			0.176091			0.000000
respet:             			0.000000			0.000000			0.000000
arman:              			0.477121			0.000000			0.000000
hallazg:            			0.000000			0.477121			0.000000
bah:                			0.000000			1.431364			0.000000
mental:             			0.000000			0.176091			0.176091
mov:                			0.000000			0.000000			0.477121
cantid:             			0.176091			0.000000			0.176091
ano:                			0.176091			0.176091			0.000000
dab:                			0.000000			0.000000			2.385606
consecuent:         			0.000000			0.000000			0.477121
ido:                			0.000000			0.176091			0.176091
das:                			0.000000			0.000000			0.000000
copi:               			0.000000			0.176091			0.176091
part:               			0.000000			0.000000			0.000000
atad:               			0.477121			0.000000			0.000000
argument:           			0.352183			0.352183			0.000000
ofrec:              			0.477121			0.000000			0.000000
signif:             			0.000000			0.954243			0.000000
el:                 			0.000000			0.528274			0.176091
ejercici:           			0.000000			0.000000			0.000000
igual:              			0.000000			0.000000			0.000000
definit:            			2.385606			0.000000			0.000000
vigil:              			0.000000			0.477121			0.000000
investig:           			0.000000			0.000000			0.000000
neces:              			0.352183			0.176091			0.000000
complement:         			0.477121			0.000000			0.000000
brom:               			0.000000			0.477121			0.000000
web:                			0.000000			0.352183			2.113095
acerc:              			0.000000			0.000000			0.000000
funcion:            			0.000000			0.000000			0.000000
memor:              			0.477121			0.000000			0.000000
leid:               			0.000000			0.176091			0.352183
demostr:            			0.000000			0.954243			0.000000
concepcion:         			0.000000			0.000000			0.477121
calific:            			0.000000			0.000000			0.477121
intermedi:          			0.000000			0.477121			0.000000
pregunt:            			0.000000			0.000000			0.000000
administr:          			0.000000			0.477121			0.000000
sistem:             			0.000000			0.000000			0.000000
introduccion:       			0.954243			0.000000			0.000000
borr:               			0.000000			0.477121			0.000000
program:            			0.000000			0.000000			0.000000
revis:              			0.000000			0.000000			0.000000
president:          			0.000000			0.477121			0.000000
facebook:           			0.352183			0.352183			0.000000
audit:              			0.000000			0.000000			0.477121
dolar:              			0.000000			0.954243			0.000000
barat:              			0.000000			0.477121			0.000000
oblig:              			0.176091			0.000000			0.176091
asi:                			0.000000			0.000000			0.000000
atmosfer:           			0.000000			2.385606			0.000000
++:                 			0.000000			0.477121			0.000000
monsalv:            			0.352183			0.704365			0.000000
escuel:             			0.000000			1.908485			0.000000
poll:               			0.000000			0.477121			0.000000
atend:              			0.000000			0.954243			0.000000
habil:              			0.000000			0.000000			0.000000
inferior:           			0.000000			0.000000			0.477121
helader:            			0.000000			0.000000			0.954243
tio:                			0.000000			3.339849			0.000000
vieron:             			0.000000			1.431364			0.000000
blabl:              			0.477121			0.000000			0.000000
dueñ:               			0.000000			0.477121			0.000000
demand:             			0.954243			0.000000			0.000000
revist:             			0.000000			0.000000			0.000000
ide:                			0.000000			0.000000			0.000000
desarroll:          			0.000000			0.000000			0.000000
tenert:             			0.000000			0.477121			0.000000
drop:               			0.000000			0.000000			0.954243
empez:              			0.176091			0.000000			0.880456
que:                			0.000000			0.000000			0.000000
mes:                			0.528274			0.528274			0.000000
seman:              			1.937004			0.000000			0.880456
jornal:             			0.176091			0.352183			0.000000
palabr:             			0.176091			0.176091			0.000000
problemat:          			0.477121			0.000000			0.000000
adefesi:            			0.000000			0.477121			0.000000
conten:             			1.232639			0.000000			0.176091
facil:              			0.000000			0.000000			0.000000
reserv:             			0.954243			0.000000			0.000000
comenz:             			0.000000			1.056548			0.528274
sentenci:           			0.000000			0.000000			1.908485
estan:              			0.000000			0.000000			0.000000
vuelt:              			0.477121			0.000000			0.000000
verific:            			0.954243			0.000000			0.000000
posit:              			0.176091			0.352183			0.000000
trabaja:            			0.000000			0.477121			0.000000
embarg:             			0.000000			0.000000			2.385606
articul:            			0.528274			0.704365			0.000000
reglament:          			0.000000			3.339849			0.000000
min:                			0.000000			0.477121			0.000000
discern:            			0.000000			0.000000			0.477121
diari:              			0.000000			0.477121			0.000000
acord:              			0.477121			0.000000			0.000000
estab:              			0.000000			0.000000			0.000000
quis:               			0.528274			0.528274			0.000000
dispon:             			0.000000			0.477121			0.000000
negr:               			0.000000			0.477121			0.000000
expo:               			0.704365			0.704365			0.000000
ojo:                			0.477121			0.000000			0.000000
numer:              			0.176091			0.000000			0.352183
serran:             			0.000000			0.477121			0.000000
opcion:             			0.000000			0.477121			0.000000
muer:               			0.477121			0.000000			0.000000
esfuerz:            			0.000000			0.477121			0.000000
entend:             			0.000000			0.000000			0.000000
identific:          			0.954243			0.000000			0.000000
medicament:         			0.000000			0.477121			0.000000
proced:             			0.000000			0.954243			0.000000
des:                			0.000000			0.477121			0.000000
diferenci:          			0.000000			0.477121			0.000000
elev:               			0.000000			0.000000			0.477121
dict:               			0.000000			0.000000			0.000000
leyend:             			0.000000			0.477121			0.000000
problem:            			0.000000			0.000000			0.000000
cicl:               			0.477121			0.000000			0.000000
ibam:               			0.000000			0.000000			1.908485
vim:                			0.000000			0.000000			0.000000
estrategi:          			0.000000			0.000000			0.000000
acostumbr:          			0.954243			0.000000			0.000000
hac:                			0.000000			0.000000			0.000000
absolut:            			0.000000			0.477121			0.000000
reves:              			0.477121			0.000000			0.000000
prof:               			0.000000			0.000000			3.339849
seried:             			0.000000			0.477121			0.000000
motiv:              			0.000000			0.000000			0.000000
intercambi:         			0.477121			0.000000			0.000000
sid:                			0.000000			0.000000			0.000000
oficin:             			0.000000			0.000000			0.000000
x:                  			0.477121			0.000000			0.000000
experiment:         			1.908485			0.000000			0.000000
elabor:             			0.176091			0.176091			0.000000
cuent:              			0.000000			0.000000			0.000000
regal:              			0.000000			0.477121			0.000000
director:           			0.000000			1.431364			0.000000
enlaz:              			0.954243			0.000000			0.000000
bañ:                			0.000000			0.477121			0.000000
mil:                			0.477121			0.000000			0.000000
jobs:               			0.000000			0.477121			0.000000
veran:              			0.000000			0.477121			0.000000
sent:               			0.000000			0.000000			0.000000
tendr:              			0.000000			0.000000			0.477121
polit:              			0.000000			1.056548			0.176091
perfil:             			0.000000			0.477121			0.000000
region:             			0.000000			0.477121			0.000000
adquir:             			0.000000			0.000000			0.477121
atiend:             			0.000000			0.954243			0.000000
enferm:             			0.000000			2.385606			0.000000
recomend:           			0.000000			0.000000			0.954243
plagi:              			0.477121			0.000000			0.000000
patron:             			0.000000			0.000000			0.477121
metodolog:          			0.000000			0.954243			0.000000
client:             			0.000000			1.431364			0.000000
realid:             			0.528274			0.000000			2.289186
adel:               			0.352183			0.176091			0.000000
seminal:            			0.477121			0.000000			0.000000
valor:              			0.000000			0.000000			1.431364
abiert:             			0.000000			0.000000			0.000000
groser:             			0.000000			0.000000			0.477121
contrari:           			0.000000			0.000000			0.954243
curricul:           			0.954243			0.000000			0.000000
pupil:              			0.000000			0.477121			0.000000
leccion:            			0.000000			0.000000			0.000000
afuer:              			0.176091			0.352183			0.000000
previst:            			0.000000			0.000000			0.477121
congres:            			0.000000			0.477121			0.000000
hil:                			0.477121			0.000000			0.000000
brows:              			0.000000			0.000000			1.431364
compart:            			0.000000			0.000000			0.477121
pref:               			0.000000			0.000000			0.477121
atar:               			0.000000			0.000000			0.477121
sub:                			0.000000			0.352183			0.176091
perd:               			0.000000			0.000000			0.954243
ah:                 			0.954243			0.000000			0.000000
vag:                			0.477121			0.000000			0.000000
camion:             			0.000000			0.477121			0.000000
qued:               			0.000000			0.000000			0.000000
volv:               			0.000000			0.000000			0.477121
comun:              			0.000000			0.000000			0.000000
jueg:               			0.000000			0.704365			0.176091
secuencial:         			0.000000			0.000000			3.339849
igualit:            			0.000000			0.477121			0.000000
financ:             			0.000000			0.477121			0.000000
fuer:               			0.000000			0.000000			0.000000
busc:               			0.000000			0.000000			0.000000
tir:                			0.000000			0.477121			0.000000
ley:                			0.000000			0.477121			0.000000
aprob:              			0.000000			0.000000			0.477121
seminari:           			0.000000			0.477121			0.000000
univers:            			0.000000			1.584821			0.176091
encuest:            			0.000000			0.000000			0.477121
impos:              			0.000000			0.352183			0.176091
youtub:             			0.000000			0.477121			0.000000
defend:             			0.477121			0.000000			0.000000
tapi:               			0.000000			0.477121			0.000000
global:             			0.477121			0.000000			0.000000
caus:               			0.000000			0.477121			0.000000
indic:              			1.908485			0.000000			0.000000
vin:                			0.000000			0.176091			0.352183
repet:              			0.000000			0.176091			0.528274
jamas:              			0.176091			0.176091			0.000000
coheter:            			0.000000			0.477121			0.000000
han:                			0.000000			0.000000			0.000000
inventari:          			0.000000			1.908485			0.000000
lejan:              			0.000000			0.954243			0.000000
hiz:                			0.000000			0.000000			0.000000
doming:             			0.000000			0.954243			0.000000
med:                			0.477121			0.000000			0.000000
design:             			0.000000			0.000000			0.477121
exced:              			0.000000			0.000000			0.477121
examen:             			0.176091			0.000000			0.352183
criteri:            			0.000000			0.477121			0.000000
anteay:             			0.000000			0.477121			0.000000
azar:               			0.000000			0.000000			0.477121
baj:                			0.000000			0.000000			0.000000
acuerdens:          			0.477121			0.000000			0.000000
pellic:             			0.000000			0.477121			0.000000
temor:              			0.954243			0.000000			0.000000
content:            			0.176091			0.176091			0.000000
ponert:             			0.000000			0.477121			0.000000
canadiens:          			0.000000			0.000000			0.477121
justif:             			0.477121			0.000000			0.000000
grand:              			0.000000			0.000000			0.000000
barbar:             			0.477121			0.000000			0.000000
presion:            			0.176091			0.000000			0.176091
olvid:              			0.000000			0.000000			0.477121
sea:                			0.000000			0.000000			0.000000
simpl:              			0.000000			1.431364			0.000000
respons:            			0.000000			0.000000			0.000000
mir:                			1.408730			1.937004			0.000000
dier:               			0.000000			0.477121			0.000000
networking:         			0.000000			0.477121			0.000000
respect:            			0.000000			0.954243			0.000000
organiz:            			0.000000			2.385606			0.000000
grad:               			0.000000			1.908485			0.000000
persecu:            			0.477121			0.000000			0.000000
mur:                			0.000000			0.477121			0.000000
delfin:             			0.954243			0.000000			0.000000
vean:               			0.000000			0.176091			0.528274
final:              			0.000000			0.000000			0.000000
vac:                			0.000000			0.954243			0.000000
termin:             			0.000000			4.294091			0.000000
desconoc:           			0.477121			0.000000			0.000000
elen:               			0.000000			0.954243			0.000000
hab:                			0.000000			0.000000			0.000000
profundiz:          			0.000000			0.954243			0.000000
tap:                			0.000000			0.477121			0.000000
cabez:              			0.000000			0.176091			0.176091
ingenier:           			0.352183			1.232639			0.000000
tamañ:              			0.000000			0.000000			0.477121
desactualiz:        			0.000000			0.477121			0.000000
requ:               			0.000000			0.000000			0.477121
mail:               			0.477121			0.000000			0.000000
amenaz:             			0.000000			0.954243			0.000000
pod:                			0.000000			0.000000			0.000000
dic:                			3.521825			6.339285			0.000000
valient:            			0.000000			0.477121			0.000000
tartamude:          			0.000000			0.477121			0.000000
piez:               			0.000000			0.000000			1.908485
conoc:              			0.000000			0.000000			0.000000
call:               			0.000000			0.954243			0.000000
daniel:             			0.000000			0.477121			0.000000
desmotiv:           			0.000000			0.000000			0.477121
frent:              			0.477121			0.000000			0.000000
ecuatorian:         			0.000000			0.954243			0.000000
abstract:           			0.000000			0.477121			0.000000
profesion:          			0.000000			0.477121			0.000000
retroali:           			0.954243			0.000000			0.000000
he:                 			0.000000			0.000000			0.000000
report:             			0.000000			0.477121			0.000000
conflict:           			0.000000			0.000000			0.477121
compr:              			0.000000			6.679698			0.000000
parcial:            			0.528274			0.000000			0.528274
person:             			0.000000			0.000000			0.000000
maner:              			0.000000			0.000000			0.000000
teng:               			0.000000			0.000000			0.000000
pen:                			0.352183			0.880456			0.000000
lider:              			0.000000			0.477121			0.000000
consum:             			0.000000			0.000000			0.477121
onlin:              			0.000000			0.000000			0.477121
pierd:              			0.176091			0.000000			0.176091
impresion:          			0.000000			1.431364			0.000000
inquietud:          			0.880456			0.000000			0.176091
darl:               			0.000000			0.000000			0.000000
concaten:           			0.000000			0.954243			0.000000
dat:                			5.248334			0.000000			0.000000
colegi:             			0.000000			0.477121			0.000000
dimension:          			0.000000			0.000000			0.477121
ayudant:            			0.000000			0.477121			0.000000
super:              			0.000000			0.000000			0.477121
empiez:             			0.000000			0.000000			0.477121
esperam:            			0.000000			0.477121			0.000000
muchisim:           			0.000000			0.000000			1.431364
manual:             			0.477121			0.000000			0.000000
shows:              			0.000000			0.477121			0.000000
propuest:           			0.000000			0.477121			0.000000
top:                			0.954243			0.000000			0.000000
vain:               			0.000000			0.477121			0.000000
http:               			0.000000			0.000000			0.954243
hipnotiz:           			0.000000			0.477121			0.000000
eficient:           			0.000000			0.000000			0.477121
varg:               			0.000000			0.477121			0.000000
medicin:            			0.000000			0.477121			0.000000
itinerari:          			0.000000			0.477121			0.000000
present:            			0.000000			0.000000			0.000000
acent:              			0.000000			0.477121			0.000000
chever:             			0.176091			1.408730			0.000000
cont:               			0.176091			0.704365			0.000000
expresar:           			0.000000			0.000000			0.477121
estuv:              			0.000000			0.000000			0.000000
velazquez:          			0.000000			0.477121			0.000000
iban:               			0.000000			0.176091			0.176091
logr:               			0.000000			0.000000			0.000000
matemat:            			0.000000			0.000000			2.862728
tecnolog:           			0.000000			0.000000			1.908485
androlog:           			0.000000			0.477121			0.000000
reconoc:            			0.000000			0.000000			0.477121
hospici:            			0.000000			0.477121			0.000000
hor:                			0.000000			0.000000			0.000000
salon:              			0.000000			0.000000			0.477121
arbitrari:          			0.000000			0.000000			0.477121
cuest:              			0.954243			0.000000			0.000000
usar:               			0.000000			0.000000			0.477121
dio:                			0.000000			0.528274			0.176091
val:                			0.176091			1.056548			0.000000
alej:               			0.000000			0.477121			0.000000
porcentaj:          			0.000000			0.000000			0.477121
merc:               			0.000000			1.431364			0.000000
enganch:            			0.000000			0.477121			0.000000
poder:              			0.000000			0.477121			0.000000
celul:              			0.176091			0.176091			0.000000
promocion:          			0.000000			1.431364			0.000000
nivel:              			0.000000			0.000000			3.339849
pud:                			0.880456			0.528274			0.000000
via:                			0.000000			0.954243			0.000000
extend:             			0.000000			0.000000			0.477121
incur:              			0.000000			0.954243			0.000000
falt:               			0.704365			0.528274			0.000000
pag:                			0.000000			1.908485			0.000000
tranquil:           			0.477121			0.000000			0.000000
negoci:             			0.704365			1.232639			0.000000
cuantit:            			0.477121			0.000000			0.000000
bugs:               			0.000000			0.000000			0.477121
enderez:            			0.000000			0.477121			0.000000
pes:                			0.000000			0.000000			0.954243
hech:               			0.000000			0.000000			0.000000
fisic:              			0.000000			0.477121			0.000000
rompecabez:         			0.000000			0.477121			0.000000
traves:             			1.431364			0.000000			0.000000
tacañ:              			0.000000			0.477121			0.000000
cercan:             			0.000000			0.477121			0.000000
gratuit:            			0.000000			0.477121			0.000000
music:              			0.000000			0.477121			0.000000
quizas:             			2.385606			0.000000			0.000000
result:             			0.176091			0.000000			2.113095
lueg:               			0.000000			0.000000			0.000000
enlac:              			0.176091			0.000000			0.176091
mios:               			0.000000			0.477121			0.000000
intergrupal:        			0.477121			0.000000			0.000000
satisfac:           			0.477121			0.000000			0.000000
vergonz:            			0.477121			0.000000			0.000000
consider:           			0.176091			0.000000			0.352183
tecnic:             			0.176091			0.704365			0.000000
gradu:              			0.000000			1.908485			0.000000
chiruz:             			0.477121			0.000000			0.000000
tierr:              			0.000000			0.477121			0.000000
import:             			0.000000			0.000000			0.000000
cual:               			0.000000			0.000000			0.000000
light:              			0.477121			0.000000			0.000000
mañan:              			0.000000			0.954243			0.000000
personal:           			0.176091			0.352183			0.000000
doy:                			0.880456			0.704365			0.000000
incorrect:          			0.000000			0.954243			0.000000
cuart:              			0.000000			0.477121			0.000000
dispuest:           			0.000000			0.954243			0.000000
proporcion:         			0.000000			0.000000			0.477121
espectacul:         			0.176091			0.352183			0.000000
man:                			0.000000			0.000000			0.000000
figurit:            			0.000000			0.477121			0.000000
comunic:            			0.000000			0.000000			0.000000
dand:               			0.176091			0.352183			0.000000
ped:                			0.000000			0.000000			0.000000
feliz:              			0.000000			0.954243			0.000000
visit:              			0.477121			0.000000			0.000000
fas:                			0.176091			0.000000			0.176091
proxim:             			0.352183			0.176091			0.000000
tant:               			0.477121			0.000000			0.000000
agres:              			0.000000			0.000000			0.477121
recuerd:            			0.000000			0.176091			0.176091
delic:              			0.000000			0.176091			0.176091
ahi:                			0.000000			0.954243			0.000000
tuv:                			0.000000			0.000000			0.000000
condensal:          			0.477121			0.000000			0.000000
mied:               			0.000000			0.000000			0.000000
vist:               			0.000000			0.000000			0.000000
dobl:               			0.000000			0.954243			0.000000
aqu:                			0.000000			0.000000			0.000000
creacion:           			0.000000			0.954243			0.000000
arrastr:            			0.000000			0.000000			0.477121
desconexion:        			0.477121			0.000000			0.000000
acces:              			0.000000			0.954243			0.000000
pon:                			0.000000			0.000000			0.000000
intension:          			0.000000			0.000000			0.477121
enfasis:            			0.477121			0.000000			0.000000
malecon:            			0.000000			0.954243			0.000000
coj:                			0.000000			0.477121			0.000000
mostr:              			0.000000			0.000000			0.000000
usuari:             			0.000000			0.352183			0.176091
lent:               			0.477121			0.000000			0.000000
reaccion:           			0.000000			0.000000			0.477121
enfatiz:            			0.000000			0.000000			0.477121
refier:             			0.477121			0.000000			0.000000
cienci:             			0.477121			0.000000			0.000000
hues:               			0.477121			0.000000			0.000000
sum:                			0.000000			1.431364			0.000000
distanci:           			0.000000			0.000000			0.477121
dad:                			0.352183			0.000000			0.528274
metod:              			0.000000			0.000000			0.000000
intelectual:        			0.000000			0.000000			0.954243
tard:               			0.352183			0.528274			0.000000
apoy:               			1.431364			0.000000			0.000000
sart:               			0.000000			0.477121			0.000000
entrevist:          			0.000000			0.477121			0.000000
arbitr:             			0.000000			0.477121			0.000000
dias:               			0.000000			0.000000			0.477121
acomplej:           			0.000000			0.477121			0.000000
levant:             			1.056548			0.704365			0.000000
negat:              			0.000000			0.477121			0.000000
explor:             			0.000000			0.000000			0.477121
apur:               			0.352183			0.352183			0.000000
extrem:             			0.000000			0.477121			0.000000
calid:              			0.477121			0.000000			0.000000
menospreci:         			0.000000			0.000000			0.477121
le:                 			0.000000			0.000000			0.000000
burl:               			0.000000			0.000000			0.477121
dars:               			0.000000			0.000000			0.477121
casual:             			0.000000			0.477121			0.000000
grupal:             			0.477121			0.000000			0.000000
mejor:              			0.000000			0.000000			0.000000
exposicion:         			0.000000			0.000000			0.000000
pan:                			0.000000			2.385606			0.000000
solitari:           			0.000000			0.477121			0.000000
excelent:           			0.000000			0.477121			0.000000
integr:             			0.477121			0.000000			0.000000
rocafuert:          			0.000000			0.477121			0.000000
decan:              			0.000000			0.477121			0.000000
her:                			0.000000			0.000000			0.477121
trayect:            			0.477121			0.000000			0.000000
esquem:             			0.000000			0.954243			0.000000
atras:              			0.000000			0.954243			0.000000
dient:              			0.000000			0.477121			0.000000
increment:          			0.477121			0.000000			0.000000
leyeron:            			0.000000			1.431364			0.000000
critic:             			0.000000			0.000000			0.477121
explic:             			0.000000			0.000000			0.000000
fot:                			0.000000			0.954243			0.000000
estudianton:        			0.000000			0.477121			0.000000
basic:              			0.000000			0.000000			0.000000
seri:               			0.000000			0.477121			0.000000
falenci:            			0.000000			0.000000			0.477121
